99
99
99
99
99
97
99
98
99
99
99
97
95
98
99
97
98
99
98
98
97
98
99
96
94
94
94
96
98
98
98
97
97
98
98
96
99
95
93
94
98
97
95
98
94
97
95
88
91
93
93
89
94
92
94
88
88
95
95
96
94
95
97
95
92
95
91
96
93
97
93
94
92
99
96
83
89
80
87
87
90
88
91
96
81
95
95
89
92
86
93
95
95
93
91
81
76
89
91
76
88
91
86
87
89
89
94
86
72
93
92
81
83
86
81
88
89
83
90
79
96
80
81
95
93
91
97
75
88
82
77
87
93
82
90
83
88
89
86
93
84
76
92
92
92
91
89
74
88
92
94
82
65
81
86
61
75
81
49
79
63
78
82
82
86
58
91
82
92
77
77
89
95
88
87
79
89
78
59
79
85
64
90
94
92
77
95
91
82
85
81
79
55
74
69
66
37
85
81
48
74
82
85
78
86
64
82
84
87
83
75
59
54
88
92
81
52
52
71
91
60
74
89
75
56
73
56
77
86
67
71
57
76
70
61
72
79
82
88
60
74
90
85
59
71
49
70
82
80
89
89
87
87
87
83
72
72
86
79
80
80
73
66
82
64
85
28
80
82
84
85
60
77
59
78
85
86
60
85
90
89
76
78
45
49
89
80
88
88
82
91
90
76
84
87
67
69
79
71
86
81
92
91
79
75
62
44
76
77
73
75
34
59
66
63
59
68
25
49
74
64
46
59
73
70
69
77
78
66
86
62
43
36
84
88
78
80
60
74
55
77
55
55
83
14
69
25
71
88
54
69
71
49
48
61
50
51
41
54
77
46
85
71
55
64
88
85
80
86
76
90
67
66
81
58
41
78
75
73
84
71
58
63
49
72
54
32
63
67
30
63
52
53
35
36
59
42
78
81
31
28
68
50
82
75
75
77
77
40
84
83
45
40
63
63
77
67
64
87
65
74
60
71
26
36
40
45
56
72
89
71
56
79
35
49
49
27
58
51
83
61
31
49
68
72
49
78
45
30
31
45
57
72
46
27
75
46
32
63
44
67
70
53
56
57
16
47
44
62
57
54
49
47
75
45
72
48
33
68
54
23
69
73
44
90
56
59
38
39
68
14
46
13
58
47
60
38
79
72
77
86
78
81
67
24
66
27
72
49
28
71
57
68
34
71
65
43
42
70
39
77
62
51
56
65
45
54
77
63
50
55
71
84
27
21
52
67
79
72
56
16
69
81
57
50
72
50
54
37
40
44
62
59
36
79
34
47
65
77
68
72
85
38
55
64
55
69
28
27
29
39
35
58
75
40
73
41
86
58
69
58
89
68
87
84
68
59
65
54
46
80
47
62
63
69
78
77
61
58
65
41
57
69
81
78
70
80
59
47
64
45
31
26
23
43
68
20
16
51
23
4
4
35
5
34
54
57
10
40
9
15
50
50
6
13
1
24
2
21
25
40
55
14
21
41
26
48
60
69
49
30
30
10
41
48
66
0
34
63
13
51
37
59
24
39
2
21
14
65
22
56
38
26
41
79
46
42
60
47
39
33
29
38
27
2
40
45
47
2
8
11
36
58
12
3
6
9
32
73
17
35
20
14
37
6
5
8
24
3
45
8
19
23
7
30
5
37
22
0
30
12
44
29
76
6
14
20
49
33
6
55
79
13
65
34
52
46
65
51
46
3
13
30
32
12
7
48
53
32
13
30
16
30
57
18
68
4
22
22
62
52
64
12
6
30
33
37
28
27
70
72
1
53
29
14
34
59
58
40
28
18
37
41
33
52
24
14
16
4
0
16
54
0
22
30
29
71
0
33
23
0
19
12
21
49
50
24
8
70
67
50
63
31
45
61
36
51
38
20
17
32
4
22
28
28
36
0
23
23
3
36
16
73
20
23
56
39
72
29
6
35
2
42
34
21
11
27
12
9
31
14
13
21
25
36
11
8
24
48
44
68
29
37
42
15
52
44
23
13
22
26
30
12
25
8
56
25
12
10
33
42
55
6
24
14
43
19
51
66
29
13
46
11
36
73
29
0
7
5
10
20
32
36
51
6
69
52
6
39
2
12
12
19
42
45
20
29
16
40
18
14
14
33
30
35
40
7
54
2
46
48
5
13
44
18
37
27
19
11
38
14
30
53
15
8
29
30
18
43
3
33
52
20
7
31
21
0
51
19
10
43
1
21
7
26
36
16
2
17
17
42
38
16
56
13
16
24
0
6
13
6
10
10
41
3
2
1
54
55
29
31
29
19
0
20
47
37
13
27
14
35
